  1948         2019
 1948   -0.015   -0.027    0.028   -0.070   -0.004    0.055   -0.039   -0.022   -0.052    0.008    0.135    0.063
 1949    0.154    0.161    0.039    0.099   -0.023    0.002    0.072    0.103    0.071    0.104    0.108    0.118
 1950    0.111   -0.033   -0.105   -0.130   -0.058   -0.042   -0.055    0.021    0.010   -0.090    0.080    0.089
 1951    0.103   -0.001    0.013    0.169    0.173    0.290    0.422    0.304    0.250    0.260    0.175    0.175
 1952    0.172    0.183    0.231    0.192    0.181    0.383    0.373    0.404    0.362    0.355    0.251    0.341
 1953    0.266    0.186    0.142    0.314    0.343    0.276    0.344    0.259    0.280    0.148    0.245    0.258
 1954    0.227    0.096    0.101   -0.013    0.070    0.099   -0.044   -0.014   -0.011   -0.032   -0.026   -0.051
 1955    0.076    0.040    0.041    0.096    0.177    0.194    0.269    0.175    0.203    0.279    0.386    0.257
 1956    0.186    0.095    0.014    0.064   -0.058   -0.264   -0.090   -0.098   -0.089   -0.043   -0.087    0.019
 1957   -0.081   -0.106   -0.019   -0.074   -0.121   -0.012    0.040    0.202    0.221    0.149    0.084    0.079
 1958    0.048    0.189    0.344    0.346    0.201    0.221    0.164    0.161    0.212    0.152    0.185    0.219
 1959    0.100    0.114   -0.028   -0.004    0.007   -0.060   -0.032    0.012    0.125    0.112    0.050    0.109
 1960    0.176    0.216    0.088    0.096    0.302    0.318    0.270    0.334    0.210    0.296    0.249    0.137
 1961    0.060    0.080    0.148    0.226    0.193    0.032   -0.020    0.035    0.002    0.028    0.066    0.212
 1962    0.148    0.151    0.164    0.087    0.022   -0.072   -0.009   -0.064    0.003    0.064    0.045    0.189
 1963    0.156    0.165    0.132    0.103   -0.086   -0.048   -0.037   -0.075   -0.204   -0.073   -0.058   -0.062
 1964   -0.077    0.020    0.038   -0.148    0.039    0.002   -0.145   -0.236   -0.221   -0.273   -0.167   -0.123
 1965   -0.200   -0.179   -0.079   -0.098   -0.100   -0.128   -0.190   -0.212   -0.223   -0.249   -0.278   -0.125
 1966   -0.078    0.008   -0.012    0.042   -0.001   -0.047   -0.058   -0.045   -0.002    0.012    0.001    0.078
 1967    0.079    0.086   -0.036   -0.017   -0.189   -0.263   -0.232   -0.167   -0.099   -0.102   -0.236   -0.155
 1968   -0.249   -0.200   -0.211   -0.158   -0.126   -0.264   -0.232   -0.216   -0.152   -0.116   -0.110   -0.129
 1969   -0.065    0.102    0.205    0.146    0.008    0.026    0.091   -0.103   -0.110   -0.188   -0.126   -0.034
 1970   -0.013   -0.051    0.016    0.017   -0.049   -0.185   -0.203   -0.143   -0.140   -0.199   -0.243   -0.212
 1971   -0.248   -0.295   -0.313   -0.415   -0.329   -0.365   -0.352   -0.438   -0.368   -0.237   -0.245   -0.311
 1972   -0.320   -0.382   -0.441   -0.328   -0.471   -0.490   -0.377   -0.385   -0.305   -0.288   -0.279   -0.353
 1973   -0.376   -0.395   -0.346   -0.266   -0.171   -0.177   -0.106   -0.135   -0.133   -0.218   -0.211   -0.240
 1974   -0.277   -0.285   -0.403   -0.525   -0.502   -0.449   -0.516   -0.470   -0.507   -0.509   -0.427   -0.362
 1975   -0.274   -0.340   -0.311   -0.347   -0.390   -0.297   -0.273   -0.187   -0.337   -0.355   -0.342   -0.323
 1976   -0.386   -0.443   -0.495   -0.428   -0.490   -0.485   -0.309   -0.187   -0.195   -0.295   -0.417   -0.433
 1977   -0.391   -0.335   -0.184   -0.218   -0.171   -0.108   -0.107   -0.146   -0.233   -0.225   -0.144   -0.206
 1978   -0.107   -0.148   -0.159   -0.196   -0.205   -0.334   -0.277   -0.228   -0.191   -0.208   -0.120   -0.183
 1979   -0.193   -0.152   -0.229   -0.238   -0.118   -0.043   -0.095   -0.116   -0.110   -0.088   -0.086   -0.060
 1980   -0.002   -0.078   -0.139   -0.001    0.129    0.108    0.050    0.023   -0.008   -0.061   -0.197   -0.249
 1981   -0.177   -0.176    0.006   -0.090   -0.079   -0.057   -0.090   -0.110   -0.031   -0.182   -0.132   -0.001
 1982   -0.076   -0.074   -0.075   -0.178   -0.187   -0.179   -0.224   -0.304   -0.303   -0.366   -0.412   -0.375
 1983   -0.293   -0.099    0.086    0.064   -0.043   -0.049   -0.010   -0.153   -0.211   -0.191   -0.153    0.002
 1984   -0.102   -0.083   -0.120   -0.152   -0.161   -0.320   -0.261   -0.221   -0.204   -0.339   -0.419   -0.313
 1985   -0.350   -0.325   -0.352   -0.396   -0.333   -0.123   -0.148   -0.277   -0.243   -0.241   -0.291   -0.332
 1986   -0.339   -0.271   -0.288   -0.320   -0.224   -0.257   -0.244   -0.268   -0.215   -0.314   -0.393   -0.367
 1987   -0.273   -0.213   -0.028    0.034    0.072    0.207    0.284    0.284    0.198    0.051   -0.066    0.047
 1988   -0.038   -0.112   -0.007    0.054    0.140    0.168    0.111   -0.007   -0.094   -0.169   -0.146   -0.163
 1989   -0.220   -0.155   -0.252   -0.289   -0.146    0.092    0.178    0.114   -0.094   -0.123   -0.149   -0.152
 1990   -0.298   -0.161   -0.178   -0.117   -0.058   -0.056   -0.021    0.053    0.147    0.113   -0.053   -0.035
 1991   -0.195   -0.117   -0.069   -0.133   -0.154   -0.129   -0.107   -0.109   -0.037   -0.263   -0.261   -0.214
 1992   -0.191   -0.095   -0.093   -0.185   -0.223   -0.152   -0.220   -0.382   -0.371   -0.301   -0.336   -0.286
 1993   -0.241   -0.188   -0.245   -0.175   -0.165   -0.183   -0.278   -0.230   -0.166   -0.245   -0.320   -0.295
 1994   -0.298   -0.311   -0.281   -0.202   -0.209   -0.224   -0.233   -0.238   -0.154   -0.062   -0.022   -0.093
 1995   -0.065   -0.042    0.014    0.073    0.269    0.361    0.311    0.180    0.051    0.099    0.124    0.039
 1996   -0.013   -0.035   -0.060    0.007   -0.068   -0.126   -0.108   -0.011   -0.005   -0.148   -0.177   -0.158
 1997   -0.094   -0.039    0.002    0.005    0.037    0.005    0.057    0.012    0.106    0.147    0.048    0.128
 1998    0.127    0.289    0.319    0.288    0.381    0.486    0.484    0.509    0.409    0.379    0.314    0.276
 1999    0.048    0.054    0.066    0.049    0.159    0.177    0.195    0.304    0.182    0.014   -0.052    0.011
 2000   -0.087   -0.041    0.100    0.039    0.102   -0.021    0.069    0.100    0.098   -0.043   -0.056   -0.130
 2001   -0.131   -0.030    0.011   -0.015   -0.012    0.195    0.132    0.174    0.283    0.248    0.153    0.210
 2002    0.178    0.162    0.141    0.024   -0.051   -0.120   -0.069    0.103    0.076    0.108    0.016    0.001
 2003    0.047   -0.016    0.109    0.076    0.148    0.202    0.273    0.412    0.449    0.423    0.220    0.221
 2004    0.207    0.206    0.155    0.105    0.003    0.174    0.224    0.313    0.237    0.239    0.218    0.184
 2005    0.108    0.122    0.281    0.289    0.290    0.324    0.444    0.437    0.415    0.235    0.137    0.213
 2006    0.120    0.072    0.057    0.194    0.305    0.330    0.371    0.398    0.361    0.331    0.286    0.168
 2007    0.168    0.214    0.124    0.156    0.108    0.085    0.126    0.052    0.095    0.155    0.173    0.108
 2008    0.027    0.125    0.155    0.040    0.169    0.253    0.203    0.172    0.195    0.099   -0.002    0.016
 2009   -0.062   -0.167   -0.163   -0.134   -0.064    0.118    0.225    0.149    0.054    0.161    0.066    0.079
 2010    0.037    0.174    0.284    0.422    0.456    0.444    0.447    0.522    0.446    0.321    0.232    0.205
 2011    0.141    0.105    0.052    0.089    0.149    0.175    0.088    0.144    0.141    0.059   -0.074   -0.048
 2012   -0.068    0.001    0.022    0.077    0.161    0.297    0.372    0.428    0.445    0.326    0.162    0.138
 2013    0.125    0.112    0.155    0.133    0.098    0.043    0.187    0.191    0.251    0.344    0.125    0.033
 2014   -0.065   -0.046   -0.084   -0.097   -0.005    0.059    0.218    0.331    0.307    0.289    0.061    0.055
 2015   -0.012   -0.007   -0.133   -0.075    0.041    0.025    0.128    0.175    0.297    0.321    0.183    0.226
 2016    0.227    0.152    0.184    0.173    0.340    0.405    0.428    0.453    0.454    0.377    0.387    0.331
 2017    0.222    0.223    0.164    0.279    0.310    0.304    0.298    0.306    0.346    0.429    0.348    0.360
 2018    0.169    0.058    0.128    0.060   -0.004   -0.015    0.014    0.109    0.158    0.140   -0.124   -0.064
 2019   -0.018    0.077    0.118    0.120    0.084    0.170    0.348    0.334    0.242    0.155  -99.990  -99.990
  -99.99
  AMO unsmoothed, detrended from the Kaplan SST V2
  Calculated at NOAA/ESRL/PSD1
  http://www.esrl.noaa.gov/psd/data/timeseries/AMO/
